100 10
-0.134765 -0.347878 -0.630515 0.609239 0.482987 0.353453 -0.689427 0.433139 -0.163742 0.670638 
-0.0183282 1.29009 0.609625 -0.110274 0.108475 -1.2568 0.450814 0.808256 0.606733 -0.110111 
0.460789 1.34115 0.782335 0.277457 -0.340285 -1.03603 -1.56502 0.578938 1.6345 0.370962 
1.36232 -0.580798 2.43658 0.0870459 -0.925848 -0.426963 -0.0787959 0.762849 -0.623494 1.09659 
0.451875 0.875136 0.302407 0.173593 0.00532169 0.0776687 -0.941792 -1.18213 -1.3501 -0.398163 
1.64838 1.39545 0.0583199 0.453591 1.13915 1.79093 -0.652862 0.583848 -1.16224 -0.0854626 
-2.02836 0.320985 -0.574134 -0.603518 0.427361 0.797263 0.282529 -0.58001 -0.944279 2.37329 
-0.449257 1.62338 -0.195212 -0.797024 0.181032 -0.442501 -1.12508 -0.561367 -0.671211 -0.473921 
0.235993 1.06243 -0.0505313 0.360649 0.65748 -0.629091 -0.988974 -1.5559 0.576681 0.946341 
-0.835173 0.214105 -1.75578 1.88509 0.584246 1.5338 -1.51586 1.10021 -2.08577 0.818162 
-1.27596 0.876803 -0.257358 -0.306822 -1.61645 2.73354 -2.22851 0.175058 0.235964 1.58897 
0.617035 0.194407 0.749542 -1.01272 0.0187744 0.167439 -0.151522 1.00361 -0.778421 0.526012 
0.612702 -0.414892 -0.570764 -0.238546 -0.425961 -0.478865 1.16274 1.51101 1.09956 -2.4652 
0.289381 0.358459 0.494233 -0.484015 -2.03403 -1.41265 -0.181936 -1.13724 -0.855564 -0.852528 
0.395316 0.0362227 0.99144 -0.327345 -1.32855 0.974988 -0.233954 0.643018 0.00755762 0.511735 
-0.870563 -0.364631 1.07714 0.475518 -0.319886 0.289719 -1.04673 -0.01276 -0.937586 0.257775 
-0.497688 1.77102 0.776842 -0.130005 0.82543 1.16541 1.58332 0.91426 -0.68156 1.96245 
-0.106672 0.221273 -2.25984 -0.594353 -0.229293 -0.908706 -0.249413 1.10769 -0.260139 1.40631 
-0.687829 2.73038 -0.564377 -0.443767 0.262251 0.240575 1.29402 0.820471 -0.228795 0.496834 
0.331881 -0.296165 0.901491 -1.32253 -0.89798 -0.654046 0.36198 -0.817612 -0.524813 0.0828306 
2.36522 0.564296 0.394676 -0.859521 -2.1573 1.27495 -0.263053 -0.126485 1.12832 -1.54848 
-0.482231 1.58262 0.00485442 -1.413 0.0939168 -0.551191 1.08214 0.264143 0.550139 1.86316 
0.647448 2.72923 0.436919 -0.515986 -0.951181 -0.0874089 0.982434 3.15853 1.85515 0.134027 
-1.03442 0.303564 1.13007 -1.0851 1.17259 -0.34782 -0.111444 1.22662 -0.277299 -1.546 
1.33955 -0.790258 0.153771 -0.707159 1.7351 0.993963 1.29595 2.32064 1.06663 0.433282 
-0.96914 0.80338 -0.758627 -0.301655 -0.371696 0.428436 1.7813 0.414498 -2.09924 0.102954 
0.208716 -1.3199 -0.180163 -1.20044 1.19286 -1.00419 -0.0656149 0.211832 0.638484 -0.570346 
-0.618593 -0.273846 -0.20779 -0.0193623 0.953648 -0.632688 -0.255681 0.613167 0.371465 0.493062 
0.512016 0.271867 0.896745 0.340371 -1.41504 -1.04571 0.404638 -0.527777 -0.374179 -0.707513 
0.0113542 1.48955 0.412308 -0.963231 -0.0333563 0.505707 0.351757 1.2416 0.695348 -1.34803 
-0.0439886 1.43714 0.54752 1.11392 0.261118 0.331954 0.807511 -0.157631 0.877629 -1.7543 
2.94909 -0.0275614 0.147835 -1.58611 0.522995 -1.63541 -0.25559 -1.3736 1.03361 -0.363809 
-0.630046 0.923931 -0.362267 -0.391795 0.676787 -1.90684 0.715113 0.870838 0.419791 -0.627094 
-0.0468794 -0.32128 0.0611413 -1.48469 0.674396 -0.0403987 1.0486 -1.56853 0.601069 0.44015 
2.68303 0.661125 0.216706 -0.344627 0.678399 0.697193 0.177549 -1.84425 -0.674018 -1.50264 
-1.14669 1.91529 -1.39812 -1.32392 -0.31258 0.168803 0.153298 0.28841 -1.09518 -0.208235 
0.552999 0.15676 0.17887 -0.574835 0.379244 -1.5438 -1.25432 -0.950911 -0.267617 -1.50513 
-1.07646 -0.300536 0.927584 -0.740707 -2.2529 -1.5518 -1.1728 -0.910732 0.18655 1.80974 
1.03064 -0.500035 -0.110178 -1.185 -1.16835 0.867078 -1.46144 -0.161949 0.950945 -0.116973 
0.32753 0.716471 1.5724 -2.06486 1.20197 -0.145373 -1.24429 -0.488902 -0.790519 1.22621 
0.652125 1.33729 0.560491 0.56506 -0.660739 -0.386242 -0.155099 -0.222782 -0.489478 0.494943 
-0.278861 2.12568 -0.420345 2.00014 0.327559 1.3162 -1.61491 0.272066 2.97447 0.908595 
0.245192 0.0540458 -0.153945 2.22333 1.50813 -0.796464 2.24607 -1.16853 -0.622585 -1.15422 
1.47251 0.163036 -0.275199 -0.492178 -0.888909 0.135441 0.739281 -1.22423 1.9203 1.25756 
-2.2751 -0.632707 0.24112 -0.0460029 -0.959285 0.417806 -2.06765 -2.09948 0.961149 1.45253 
-1.63329 1.61199 0.754686 -0.465747 -0.492719 0.81988 -1.15455 -0.390243 -0.557803 -2.07681 
0.415469 -0.0754487 -0.29191 0.0759474 0.441057 -0.854353 -0.107192 0.664282 -0.106555 -0.176488 
-0.654769 -0.473237 0.458445 -0.91877 -0.204764 0.357319 -1.71288 -0.702264 -0.215161 -0.652082 
-0.296348 2.18424 1.75529 -1.91947 -0.977807 2.74847 -0.459895 0.501328 0.47349 0.156534 
-1.49692 0.809881 0.931491 -0.0364431 -1.57295 -1.51298 1.091 0.540314 1.36564 -0.850226 
-0.904834 0.716343 0.825264 -1.22513 -0.370262 0.433979 -0.16388 0.990751 -1.6378 0.279046 
-0.404182 -1.00557 -0.814807 -1.90243 -0.221145 -0.229768 -0.0672405 0.989378 2.02373 0.597094 
-0.725798 0.433987 -0.534204 2.37425 -0.535213 -0.827086 -1.00159 -0.688841 0.777789 0.244717 
-0.866485 0.520144 0.242552 -0.233346 -0.261972 -0.831983 -0.555661 -0.856838 -0.548902 -0.118347 
-0.421847 -1.09224 -0.100648 0.403881 -1.09541 0.4979 -1.35156 0.04839 -0.126011 -1.28941 
-0.942666 -0.225794 -1.62505 1.19247 0.549233 2.31563 0.364211 -0.664853 0.29958 0.0575636 
1.34188 -0.404922 -1.51442 -1.68476 -2.17462 -0.793826 -0.452208 1.45274 0.296171 -0.520933 
-0.988435 0.527859 1.02619 0.413149 0.144615 0.54096 0.783366 1.37985 1.20078 -1.27903 
1.81794 -1.00696 -0.758127 0.501745 0.669033 -0.559061 1.23724 0.0951364 1.09017 -0.0562272 
-0.374437 1.08903 2.07834 0.0830643 -0.848829 1.97657 1.0772 -0.427127 -0.358703 -0.20968 
-1.45174 1.78487 -2.22199 0.157798 -0.0570901 0.54466 -0.0348411 0.510808 -0.129928 0.192102 
-0.618682 -0.303755 0.448764 -0.527943 0.291786 -0.137906 -0.503987 -0.656274 0.733738 0.992332 
0.934501 -0.00869663 0.000626115 0.723061 -0.614619 0.619876 -1.22402 -0.125017 0.120332 0.576244 
1.05593 0.506635 -0.756239 -0.849942 -0.0136432 -0.00558278 0.118509 -0.530467 1.13633 1.30578 
0.160227 1.20325 0.404325 -0.796384 0.412113 1.1072 0.959474 0.105586 -0.686773 -0.729306 
0.2874 0.522018 -0.793853 0.725338 -0.93715 -0.18559 -0.34093 1.12835 0.471683 -0.864575 
0.632906 0.397046 0.859783 1.68654 0.835157 -1.12142 -0.173318 0.742478 0.288342 -0.094921 
-1.45904 -0.482811 0.0668692 -0.386394 1.09454 0.24645 0.616301 1.1436 1.39185 1.38321 
-0.58171 -0.231497 -1.63939 -0.505078 0.321181 1.56104 0.863919 -0.914714 -1.3455 1.30368 
-1.83015 0.613385 -2.42475 0.408074 0.0151128 -1.19662 -1.41691 0.179802 0.000747406 -0.125812 
-0.449103 1.68285 -0.28383 1.07236 -1.16449 -0.242345 0.199952 -0.983348 0.0534948 -0.596874 
0.949275 0.568394 1.14581 0.967983 0.494841 1.00483 0.195827 0.384829 -2.34191 -1.52065 
0.717441 -1.20603 0.181169 0.270146 -1.21585 -1.92013 -0.151132 0.325698 1.2481 0.671842 
2.28783 0.43306 0.0542502 -0.634407 1.59079 0.625446 0.892784 1.29631 2.80923 0.0228443 
0.166728 -0.0921207 0.687754 0.629763 0.526475 0.75296 -0.36419 1.09923 -0.232185 -1.17779 
-2.15649 -0.244055 -1.39341 -0.0792338 0.264819 0.213484 -0.826189 0.653223 0.287032 -0.334578 
1.6894 -0.219189 1.42537 1.37695 -0.393598 -0.770234 0.276011 -0.505073 -0.464604 -1.82946 
1.28228 -0.879767 -0.893851 -1.40821 -2.17631 -0.00713465 0.459797 -0.475994 0.384318 0.42999 
-0.582631 -0.320804 0.0377647 0.141232 -1.19565 0.0931865 -0.217507 -2.05156 -0.379828 -0.173993 
0.222614 -0.784415 -0.363569 1.28972 0.365328 0.935251 0.796123 -0.448305 -0.101778 1.63124 
0.779451 -0.364963 0.149556 -0.494936 2.41244 0.663518 -1.51802 -1.5512 1.61815 -1.35943 
0.384707 0.117271 -1.94452 -0.624825 0.740247 -0.350233 -1.07492 0.929826 -0.84723 0.970507 
0.696367 0.17434 1.52389 -0.933634 0.309746 1.61988 -3.07217 0.90194 -0.575883 0.14364 
-0.112716 -0.215656 0.54581 -0.278725 -0.541987 -0.0508331 0.521407 0.138287 -0.0759131 0.0826036 
-0.0388237 -0.152611 2.00993 -0.200525 0.122283 -0.812697 -0.991024 -0.378408 -0.132472 0.716664 
0.0880886 0.0336882 1.41667 0.136741 0.962279 -0.43842 -0.253126 0.143064 1.43931 1.19348 
-0.789656 0.458282 0.0114807 -0.883349 -0.253975 0.85861 1.00927 1.60504 2.03126 -1.07106 
1.42296 1.28163 -0.939049 0.0825379 1.89176 0.195216 0.0510121 1.34912 -0.978202 1.3189 
0.00633168 0.62009 -1.73891 -0.603875 -1.22025 0.888862 -0.440433 -0.448442 -0.641024 -1.21 
0.686481 -0.286674 0.016971 -0.368728 -0.376237 0.0692218 -0.848469 0.168411 0.520476 -1.07411 
-0.854934 0.598016 0.219159 -0.83817 0.0524291 2.48682 -0.240371 -1.1205 -0.3807 -0.67256 
-1.07524 -0.245533 1.04582 -0.282475 -1.95393 -1.66564 0.602929 0.400731 1.99285 0.736462 
-0.0909673 -1.78074 -0.950983 3.56987 0.565421 -0.415928 -1.51625 0.739063 1.63587 -1.06996 
-0.252772 -2.34724 0.794797 3.40753 0.0777945 -0.0842246 -0.0683485 0.900045 0.559019 0.334715 
1.19482 -1.7136 0.0714298 1.14692 0.0807012 0.0892519 0.782393 -1.53122 0.563638 0.411883 
0.606064 -0.237127 -0.773687 0.787258 0.794708 1.45615 -1.42073 0.504621 -0.338397 0.15412 
0.540514 -0.619626 0.774162 -1.27814 1.04369 0.219454 0.669365 -0.864215 0.763647 0.554571 
-1.44494 -0.72016 0.265655 -0.584593 0.802185 -0.114877 0.683237 -0.376555 1.12744 -1.17285 
-0.967694 0.0406572 -0.235106 -0.619406 -0.468824 0.0686025 -0.882136 0.78801 0.141571 1.00759 
0.202051 -0.658981 1.87729 0.535301 -0.0465924 0.751495 -1.50451 0.298206 1.92813 0.11352 
